943980
206
617
207
208
101
412
102
104
206
311
101
103
207
102
207
102
103
311
101
104
207
101
412
103
103
103
309
103
207
103
103
412
208
207
100
309
103
309
206
104
207
204
207
308
929

103
101
206
103
206
309
104
104
101
104
308
103
104
309
104
103
102
104
617
104
205
309
102
103
311
205
207
309
617
103
206
311
617
103
207
309
618
102
206
310
619
102
205
311
617
103
205
310
618
103
206
311
616
104
205
309
619
104
206
310
619
103
205
309
618
103
206
311
616
104
205
309
618
104
206
309
618
105
204
309
619
104
204
309
620
101
206
313
616
102
206
309
618
102
208
308
104
824
104